Name,Gender
Alessandro,Male
Alessandra,Female
Andrea,Male
Angela,Female
Antonio,Male
Anna,Female
Marco,Male
Maria,Female
Luca,Male
Laura,Female
Matteo,Male
Martina,Female
Francesco,Male
Francesca,Female
Giovanni,Male
Giulia,Female
Giuseppe,Male
Giorgia,Female
Stefano,Male
Sara,Female
Davide,Male
Daniela,Female
Lorenzo,Male
Lucia,Female
Paolo,Male
Patrizia,Female
Riccardo,Male
Roberta,Female
Simone,Male
Silvia,Female
Gabriele,Male
Gaia,Female
Michele,Male
Monica,Female
Federico,Male
Federica,Female
Enrico,Male
Elisa,Female
Tommaso,Male
Teresa,Female
Emanuele,Male
Eleonora,Female
Pietro,Male
Paola,Female
Salvatore,Male
Serena,Female
Claudio,Male
Chiara,Female
Daniele,Male
Deborah,Female
Carmine,Male
Cristina,Female
Vincenzo,Male
Valentina,Female
Fabio,Male
Frida,Female
Nicola,Male
Nadia,Female
Giulio,Male
Gemma,Female
Alberto,Male
Alice,Female
Carlo,Male
Camilla,Female
Massimo,Male
Melissa,Female
Piero,Male
Pamela,Female
Gianluca,Male
Giada,Female
Raffaele,Male
Rossella,Female
Sebastiano,Male
Sabrina,Female
Edoardo,Male
Erica,Female
Bruno,Male
Barbara,Female
Sandro,Male
Simona,Female
Dario,Male
Donatella,Female
Leonardo,Male
Letizia,Female
Ruggero,Male
Rita,Female
Valerio,Male
Veronica,Female
Adriano,Male
Arianna,Female
Filippo,Male
Flavia,Female
Renato,Male
Rebecca,Female
Giampiero,Male
Giovanna,Female
Alessio,Male
Allegra,Female
Corrado,Male
Caterina,Female
Angelo,Male
Angelica,Female
Cesare,Male
Claudia,Female
Domenico,Male
Donata,Female
Ernesto,Male
Eva,Female
Fabrizio,Male
Fabiola,Female
Giorgio,Male
Ilaria,Female
Ignazio,Male
Isabella,Female
Jacopo,Male
Jessica,Female
Luciano,Male
Lidia,Female
Manuele,Male
Margherita,Female
Nino,Male
Noemi,Female
Orlando,Male
Ornella,Female
Pasquale,Male
Rosanna,Female
Rinaldo,Male
Stefania,Female
Sergio,Male
Tiziana,Female
Tiziano,Male
Ugo,Female
Vanessa,Male
Vittorio,Female
Viviana,Male
Zeno,Female
Zoe,Male
